Q1
smaller

Q2
1/2

Q3
NO

Q4
4

Q5
1,0,0.1,0
0,1,0,0.1
0,0,1,0
0,0,0,1


Q6
P =  matrix([[0.0,0.0,0.0,0.0],
             [0.0,0.0,0.0,0.0],
             [0.0,0.0,1000.0,0.0],
             [0.0,0.0,0.0,1000.0]])
F =  matrix([[1.0,0.0,dt,0.0],
             [0.0,1.0,0.0,dt],
             [0.0,0.0,1.0,0.0],
             [0.0,0.0,0.0,1.0]])

H = matrix([[1.0,0.0,0.0,0.0],
            [0.0,1.0,0.0,0.0]])
R = matrix([[0.1,0.0],[0.0,0.1]])
I = matrix([[1.0,0.0,0.0,0.0],
            [0.0,1.0,0.0,0.0],
            [0.0,0.0,1.0,0.0],
            [0.0,0.0,0.0,1.0]])
